72 30 41
140 146 145
176 164 162
86 73 99
116 82 166
119 99 144
198 184 188
198 184 188
117 84 158
117 84 158
212 198 210
158 158 158
160 176 205
212 202 214
193 182 192
75 84 122
75 84 122
84 62 86
129 134 155
43 36 57
158 158 158
143 119 137
143 119 137
53 52 61
53 52 61
49 55 60
157 135 153
200 189 197
200 189 197
177 183 188
152 171 216
158 158 158
236 217 220
175 165 182
110 84 168
158 158 158
183 196 234
138 154 183
54 44 56
235 217 230
235 217 230
210 198 210
131 134 142
226 225 229
45 42 51
226 225 229
213 200 226
132 117 131
105 97 84
61 53 63
143 139 151
234 225 238
82 87 108
64 56 67
135 129 152
85 71 129
164 151 143
223 218 227
149 144 146
154 173 200
119 119 159
157 151 138
148 140 123
134 137 158
166 161 100
63 54 64
63 64 92
76 51 61
155 148 163
81 88 108
158 146 164
158 145 153
63 65 83
99 94 49
90 70 69
164 144 133
170 162 172
122 163 188
117 110 83
157 149 160
95 90 91
156 154 154
59 51 58
81 86 107
92 89 115
151 143 103
157 153 172
174 157 144
178 165 151
182 132 126
91 94 122
91 94 122
98 90 37
176 165 157
126 105 104
98 90 37
98 90 37
65 44 59
78 61 75
78 61 75
154 149 170
179 168 148
168 156 152
179 162 159
101 85 79
101 85 79
100 93 78
155 143 139
85 81 100
161 156 177
106 101 128
175 159 142
105 86 78
175 163 169
99 90 76
173 163 139
173 163 139
105 87 80
140 126 162
154 154 160
175 166 153
104 85 78
99 91 74
179 160 152
166 150 134
166 150 134
105 81 69
111 96 80
103 101 130
187 165 153
85 73 67
91 84 65
97 86 78
164 154 170
174 170 152
162 163 183
174 147 150
168 166 165
98 90 77
168 153 150
169 170 166
157 174 160
146 156 163
163 155 165
106 100 89
96 90 83
96 90 83
99 76 98
100 99 101
167 164 156
133 171 171
93 88 73
113 115 115
157 149 126
120 92 98
91 99 99
171 159 155
179 164 155
85 78 61
178 175 167
92 79 77
145 145 151
145 145 151
173 159 160
173 159 160
91 82 79
91 82 79
91 82 79
172 153 156
160 147 155
172 153 156
108 106 96
140 151 159
164 157 154
154 164 151
154 163 166
81 84 82
177 177 183
46 36 112
122 118 147
132 126 157
46 39 120
39 35 100
130 129 161
50 40 100
50 40 100
190 182 183
122 123 149
183 181 181
25 17 104
38 26 78
38 26 78
29 16 32
175 179 214
68 71 146
40 25 82
83 82 168
194 187 190
71 67 92
66 70 89
66 70 89
51 82 103
56 63 82
141 132 142
131 142 169
146 152 181
159 162 217
74 75 109
65 70 95
65 70 95
164 164 194
147 134 190
164 163 183
175 164 166
57 69 93
104 96 136
84 73 111
83 84 118
214 227 255
76 78 142
180 172 179
99 113 135
172 174 204
104 111 138
113 127 149
68 69 130
68 69 130
49 36 104
63 66 121
63 66 121
208 202 207
153 167 196
135 134 150
147 168 199
147 168 199
184 192 199
122 114 131
86 85 141
70 71 131
195 189 212
113 116 130
217 210 217
70 77 134
109 112 156
146 149 154
80 82 136
80 82 136
111 103 74
147 159 199
55 39 62
155 168 190
151 143 150
151 143 150
25 25 101
48 33 41
85 78 113
73 81 128
180 173 200
225 219 224
47 16 23
160 176 199
49 33 44
87 81 136
136 131 158
78 73 112
89 100 128
47 44 40
173 184 216
139 140 150
158 158 170
175 171 182
92 92 146
175 171 182
95 103 126
32 21 59
173 171 177
44 37 50
110 103 78
93 94 68
95 93 153
56 28 48
57 36 35
60 59 101
106 87 84
99 134 177
65 45 44
74 43 46
163 176 184
114 105 85
156 182 219
23 26 130
74 81 174
79 172 205
107 152 186
70 163 194
36 88 125
98 195 231
47 73 109
108 157 205
65 81 104
160 173 187
69 90 92
65 81 104
33 34 55
33 34 55
44 49 58
93 127 151
73 79 92
97 149 195
165 173 172
165 173 172
172 174 204
158 163 164
158 163 164
158 163 164
45 48 63
185 189 190
42 43 53
37 104 135
53 63 70
174 177 185
45 47 55
180 182 193
57 98 137
63 55 72
66 75 89
166 188 199
153 177 189
172 174 204
124 175 208
40 90 118
103 97 74
102 100 76
65 69 80
65 69 80
110 109 113
86 81 90
59 54 63
135 135 141
59 54 63
