135 123 121
164 177 193
116 116 156
64 58 77
112 96 179
121 113 150
200 192 209
199 190 210
116 102 166
116 102 166
228 217 225
204 194 230
162 180 221
214 216 227
199 193 194
73 100 134
73 100 134
73 60 84
122 144 155
69 63 88
200 179 212
144 130 141
144 130 141
55 50 59
55 50 59
121 122 96
151 148 163
201 194 209
201 194 209
194 209 205
157 180 225
187 176 222
231 212 231
189 172 186
114 86 169
209 205 240
187 203 239
137 165 189
61 36 62
246 229 240
246 229 240
217 216 220
140 132 155
234 246 248
75 49 62
233 243 243
214 203 229
133 121 141
114 112 82
79 51 50
146 152 163
237 238 248
95 95 119
82 58 82
136 135 151
63 80 129
165 164 150
228 230 231
156 146 152
162 182 200
124 134 174
164 163 149
151 149 141
137 140 154
170 170 110
64 55 82
63 91 115
81 59 61
149 152 166
73 105 111
134 153 160
160 161 152
29 47 70
91 83 60
83 76 81
167 157 133
200 202 112
200 202 112
119 117 93
163 170 165
129 111 112
162 155 162
75 65 65
109 109 125
89 101 103
148 147 109
155 150 177
181 158 162
169 165 154
179 131 129
96 90 121
96 90 121
82 80 62
174 168 163
127 107 102
107 82 50
81 76 45
79 40 66
68 67 76
68 67 76
158 155 171
183 164 143
179 161 160
185 170 161
123 111 101
123 111 101
99 78 80
193 155 151
98 90 120
169 163 188
96 99 127
183 167 154
114 98 85
183 175 182
103 97 78
176 167 147
176 167 147
114 102 84
141 136 165
156 162 167
176 180 168
120 101 104
102 90 84
179 166 150
174 159 143
174 159 143
109 112 97
116 97 92
98 105 132
188 170 163
122 91 82
104 88 65
104 90 92
180 156 180
181 169 159
169 160 170
183 161 173
159 165 170
108 102 91
175 166 162
167 183 176
154 181 165
148 160 170
161 150 153
109 111 99
108 92 79
108 92 79
100 112 12
117 116 125
167 177 154
128 169 178
129 107 109
127 123 112
150 154 129
137 124 122
98 112 110
188 166 168
190 169 167
93 85 55
166 177 174
95 95 77
155 155 161
155 155 161
171 166 167
171 166 167
95 100 98
95 100 98
95 100 98
160 179 170
170 142 155
160 171 169
129 122 119
144 158 156
175 163 169
161 169 158
154 184 165
81 76 85
190 188 200
62 41 116
133 132 158
137 136 168
59 26 137
45 50 111
137 131 156
59 34 114
59 34 114
200 187 195
126 136 170
193 183 189
37 5 106
27 34 73
27 34 73
54 33 42
189 185 226
85 85 149
24 46 74
92 99 184
210 194 195
121 116 145
82 79 111
82 79 111
88 80 91
81 79 101
151 145 156
147 163 186
147 163 186
168 179 217
85 85 121
61 56 101
68 70 104
178 181 209
145 149 202
163 170 203
176 177 161
69 82 98
124 119 164
136 128 181
114 91 135
205 201 237
92 92 162
186 180 191
118 143 163
193 189 225
73 98 124
130 145 161
75 84 141
75 84 141
52 41 109
79 81 122
79 81 122
227 210 214
151 167 184
143 143 157
136 165 202
136 165 202
188 195 215
129 123 140
95 101 148
86 82 147
189 198 232
138 119 146
237 221 232
106 83 145
105 129 171
196 185 195
91 96 151
86 93 143
119 111 88
133 160 187
49 39 75
160 181 213
154 144 150
154 144 150
24 13 105
54 37 41
87 90 111
100 99 141
174 179 210
249 232 241
63 28 24
165 161 196
41 30 40
97 88 139
137 135 164
92 82 124
97 100 128
41 37 48
188 182 213
150 134 158
164 162 184
181 181 193
106 99 160
177 176 192
118 131 153
40 23 60
192 191 187
56 51 50
114 101 93
95 113 76
120 122 157
67 43 55
60 25 51
83 77 112
105 94 80
125 155 204
66 42 36
76 52 54
138 175 173
130 112 105
162 193 216
53 38 146
69 96 187
128 197 224
103 163 185
79 182 209
61 89 130
87 211 245
54 83 114
117 165 207
89 120 153
175 199 205
101 117 124
81 104 112
86 64 92
86 64 92
69 65 76
99 134 168
83 95 105
105 148 199
177 174 189
177 174 189
122 164 199
144 164 169
144 164 169
144 164 169
81 87 98
172 185 193
96 88 95
25 110 156
74 82 81
162 182 187
81 64 85
192 182 188
63 94 139
59 43 50
99 99 113
175 191 207
173 182 191
130 163 212
120 178 213
78 117 145
120 105 73
118 115 94
87 102 94
89 104 100
102 95 110
97 81 104
77 62 59
147 147 161
77 73 84
