1357.621216 598.660217
1364.527466 688.218506
1371.287354 778.025757
1378.124390 868.481689
1384.754883 958.992493
1391.304688 1049.739624
1398.014160 1140.100342
1270.998779 602.408752
1277.609009 692.274536
1284.409790 783.081177
1291.091064 874.119141
1297.780640 965.531189
1304.513672 1056.615723
1311.199219 1147.819702
1183.338379 606.313599
1189.640991 696.967407
1196.350342 788.321167
1202.950562 880.247131
1209.567505 971.800232
1216.637695 1063.807007
1223.313843 1155.684082
1094.507935 610.707092
1100.641968 701.769958
1107.316528 793.741516
1113.752075 885.934326
1120.496338 978.505737
1127.313843 1070.882568
1134.411621 1163.320190
1004.669922 615.210632
1010.870544 706.928772
1016.998352 799.272461
1023.599060 892.193054
1030.326050 985.238647
1037.427979 1078.017944
1044.608276 1170.973877
913.989441 620.109985
920.055115 712.342102
926.278931 805.357361
932.711914 898.469849
939.332336 991.954956
946.536682 1085.316895
953.803284 1178.692749
823.043213 625.567688
828.799072 718.080872
834.744324 811.275024
841.472961 905.076782
848.042236 998.688904
855.184753 1092.653931
862.435913 1186.272095
731.528503 630.834778
736.958984 723.791748
743.083496 817.549255
749.349854 911.531494
756.085938 1005.742859
763.213928 1099.888794
770.800537 1193.993774
640.038635 636.837158
645.050171 730.041870
651.018860 823.932373
657.269958 918.338562
664.003601 1012.782166
671.144409 1107.228638
678.635742 1201.490601
548.549255 643.032959
553.402771 736.592285
558.801880 830.634888
565.059265 925.303101
571.778137 1019.666504
578.927673 1114.333496
586.723511 1209.133911
456.960327 649.738220
461.941833 742.968201
467.113403 837.364136
473.169769 931.908020
480.082306 1026.923462
487.254791 1121.638306
495.155762 1216.327271
