1378.751343 599.947876
1385.232300 688.279785
1391.805298 777.556885
1398.304321 867.814819
1404.734985 958.721313
1411.113892 1050.351563
1417.673950 1142.320190
1288.550537 606.542358
1294.468750 694.764160
1300.546631 784.342651
1306.781006 874.256958
1312.909668 965.528381
1318.959595 1056.841309
1325.173096 1148.880615
1198.152588 613.451904
1203.619141 701.744629
1209.275879 790.770508
1215.079468 881.192505
1221.038208 972.064331
1226.967163 1063.536743
1233.045898 1155.390747
1108.238647 620.573425
1113.318359 708.750000
1118.587769 797.812012
1124.060547 887.898560
1129.609497 978.621094
1135.329834 1069.824951
1141.226563 1161.551270
1018.803528 627.878052
1023.384949 716.018494
1028.335938 804.875610
1033.545654 894.587646
1038.688721 985.314636
1044.353271 1076.362793
1049.811157 1167.579102
930.220398 635.580994
934.316162 723.219421
938.776123 812.042175
943.402344 901.512024
948.475159 991.885559
953.780518 1082.673584
959.219604 1173.967285
842.148865 643.359070
845.851624 730.886292
850.055054 819.028809
854.246948 908.414978
859.031189 998.261902
863.961121 1088.972534
869.302917 1179.804321
755.166077 651.302063
758.368408 738.255554
762.151733 826.485657
766.298828 915.316528
770.394409 1005.074951
775.482056 1095.005249
780.381775 1185.703735
669.411377 659.362915
672.418457 745.985596
675.576660 833.799377
679.289734 922.225464
683.383606 1011.461731
687.712036 1101.248901
693.009094 1190.889526
584.976196 667.565186
587.306519 753.680298
590.310974 841.021057
593.843567 929.073547
597.478821 1017.888611
601.823364 1106.854126
606.541992 1196.890015
501.974213 675.930542
503.845886 761.657593
506.307343 848.611023
509.412262 935.853516
513.207092 1023.957214
517.143005 1113.028320
521.769897 1201.897461
