711.269653 284.253754
713.439026 327.604248
715.553894 370.805695
717.705383 414.102509
719.807373 457.309967
721.918701 500.654266
724.156250 543.852478
670.718079 283.810333
672.786438 327.326385
674.963928 371.011108
677.075378 414.591187
679.210449 458.263031
681.346802 501.750458
683.522766 545.388000
629.555054 283.246490
631.610107 327.187347
633.809143 371.182861
635.890930 415.245361
637.986816 458.999786
640.277710 502.976776
642.345520 546.959351
587.741272 282.745026
589.815674 326.940277
592.056763 371.327850
594.090088 415.550018
596.255127 459.881653
598.401062 504.098541
600.611267 548.443787
545.237061 282.058228
547.474548 326.725006
549.494751 371.392120
551.654663 416.090393
553.802734 460.730896
556.055908 505.267029
558.237976 549.940613
502.027863 281.402893
504.239990 326.470306
506.408447 371.577148
508.554169 416.517334
510.637756 461.517517
512.929443 506.461456
515.092712 551.484253
458.166199 280.801636
460.405182 326.191223
462.540405 371.561768
464.861938 416.997620
466.931519 462.253296
469.136597 507.664459
471.204742 552.973999
413.547882 279.923859
415.701935 325.715332
417.978607 371.627350
420.181000 417.368011
422.322693 463.094666
424.531311 508.838013
426.734253 554.601990
368.187622 279.190277
370.320221 325.376129
372.611450 371.610565
374.808655 417.789795
377.025757 463.895752
379.173065 510.013550
381.269501 556.168884
322.002533 278.357971
324.146423 325.012115
326.323639 371.595734
328.573914 418.227722
330.812408 464.591827
332.928864 511.116028
335.089142 557.780640
274.751648 277.587952
277.123138 324.387299
279.266083 371.505341
281.500977 418.389191
283.841400 465.424835
285.962646 512.345703
288.129578 559.349182
