722.048035 284.192566
724.512268 326.374542
727.003601 368.763428
729.478821 411.508179
731.983704 454.485199
734.526733 497.863129
737.219360 541.549805
678.430542 286.942596
680.661926 329.013885
682.931091 371.479492
685.296143 413.949524
687.632935 457.031891
689.928833 500.175293
692.360962 543.809937
634.844177 289.673401
636.932190 331.719391
639.028076 373.867950
641.188049 416.563416
643.395386 459.394165
645.599182 502.563354
647.838562 546.107666
591.544983 292.362366
593.459167 334.328461
595.444763 376.487091
597.457031 418.982849
599.451538 461.754669
601.454529 504.773834
603.525513 548.215332
548.382263 294.973816
550.140991 336.927185
552.022827 379.004974
553.926147 421.356354
555.666138 464.117188
557.624084 507.117584
559.355103 550.283142
505.496765 297.641754
507.109344 339.382904
508.786041 381.514465
510.416656 423.761688
512.092773 466.405426
513.870605 509.317719
515.481873 552.614502
462.632233 300.181885
464.125305 341.966675
465.697693 383.791138
467.091949 426.147491
468.681396 468.563782
470.146057 511.579224
471.702148 554.695923
419.929108 302.669373
421.244934 344.290070
422.725494 386.289032
424.116730 428.379089
425.271912 470.930054
426.796570 513.641785
428.014465 556.874451
377.503052 305.144165
378.741730 346.659576
379.858185 388.598083
381.052185 430.668823
382.264984 473.171326
383.326447 515.888306
384.636627 558.763611
335.117004 307.605927
336.039307 349.011139
337.188324 390.841095
338.304230 432.894348
339.226990 475.277039
340.268158 517.840515
341.193237 561.067017
292.876343 309.936157
293.643646 351.413391
294.455811 393.167572
295.380280 435.088074
296.341675 477.345886
297.078918 520.137451
297.929688 562.941650
