0.000000 0.000000 0.000000
25.000000 0.000000 0.000000
50.000000 0.000000 0.000000
75.000000 0.000000 0.000000
100.000000 0.000000 0.000000
125.000000 0.000000 0.000000
150.000000 0.000000 0.000000
0.000000 25.000000 0.000000
25.000000 25.000000 0.000000
50.000000 25.000000 0.000000
75.000000 25.000000 0.000000
100.000000 25.000000 0.000000
125.000000 25.000000 0.000000
150.000000 25.000000 0.000000
0.000000 50.000000 0.000000
25.000000 50.000000 0.000000
50.000000 50.000000 0.000000
75.000000 50.000000 0.000000
100.000000 50.000000 0.000000
125.000000 50.000000 0.000000
150.000000 50.000000 0.000000
0.000000 75.000000 0.000000
25.000000 75.000000 0.000000
50.000000 75.000000 0.000000
75.000000 75.000000 0.000000
100.000000 75.000000 0.000000
125.000000 75.000000 0.000000
150.000000 75.000000 0.000000
0.000000 100.000000 0.000000
25.000000 100.000000 0.000000
50.000000 100.000000 0.000000
75.000000 100.000000 0.000000
100.000000 100.000000 0.000000
125.000000 100.000000 0.000000
150.000000 100.000000 0.000000
0.000000 125.000000 0.000000
25.000000 125.000000 0.000000
50.000000 125.000000 0.000000
75.000000 125.000000 0.000000
100.000000 125.000000 0.000000
125.000000 125.000000 0.000000
150.000000 125.000000 0.000000
0.000000 150.000000 0.000000
25.000000 150.000000 0.000000
50.000000 150.000000 0.000000
75.000000 150.000000 0.000000
100.000000 150.000000 0.000000
125.000000 150.000000 0.000000
150.000000 150.000000 0.000000
0.000000 175.000000 0.000000
25.000000 175.000000 0.000000
50.000000 175.000000 0.000000
75.000000 175.000000 0.000000
100.000000 175.000000 0.000000
125.000000 175.000000 0.000000
150.000000 175.000000 0.000000
0.000000 200.000000 0.000000
25.000000 200.000000 0.000000
50.000000 200.000000 0.000000
75.000000 200.000000 0.000000
100.000000 200.000000 0.000000
125.000000 200.000000 0.000000
150.000000 200.000000 0.000000
0.000000 225.000000 0.000000
25.000000 225.000000 0.000000
50.000000 225.000000 0.000000
75.000000 225.000000 0.000000
100.000000 225.000000 0.000000
125.000000 225.000000 0.000000
150.000000 225.000000 0.000000
0.000000 250.000000 0.000000
25.000000 250.000000 0.000000
50.000000 250.000000 0.000000
75.000000 250.000000 0.000000
100.000000 250.000000 0.000000
125.000000 250.000000 0.000000
150.000000 250.000000 0.000000
